# idx time
0 1737378694.000109195
1 1737378694.010215282
2 1737378694.020113468
3 1737378694.030113935
4 1737378694.040194749
5 1737378694.050758361
6 1737378694.060199260
7 1737378694.070007801
8 1737378694.079996109
9 1737378694.090069055
10 1737378694.099972963
11 1737378694.109950304
12 1737378694.119930028
13 1737378694.129912614
14 1737378694.139904260
15 1737378694.149879693
16 1737378694.160088777
17 1737378694.169863462
18 1737378694.179967641
19 1737378694.189832687
20 1737378694.199810981
21 1737378694.209802389
22 1737378694.220004320
23 1737378694.229932069
24 1737378694.239824533
25 1737378694.249842166
26 1737378694.259806871
27 1737378694.269821405
28 1737378694.279781341
29 1737378694.289768695
30 1737378694.299732208
31 1737378694.309697389
32 1737378694.319732427
33 1737378694.329710483
34 1737378694.339671611
35 1737378694.349648237
36 1737378694.359658479
37 1737378694.369612455
38 1737378694.379598617
39 1737378694.389571905
40 1737378694.399571657
41 1737378694.409582614
42 1737378694.419439077
43 1737378694.429429054
44 1737378694.439425706
45 1737378694.449425697
46 1737378694.459395885
47 1737378694.469372272
48 1737378694.479414463
49 1737378694.489362001
50 1737378694.499338865
51 1737378694.509327888
52 1737378694.519394159
53 1737378694.529296398
54 1737378694.539366483
55 1737378694.549268722
56 1737378694.559283494
57 1737378694.569246292
58 1737378694.579651832
59 1737378694.589282274
60 1737378694.599185705
61 1737378694.609171628
62 1737378694.619154930
63 1737378694.629132509
64 1737378694.639268398
65 1737378694.649105072
66 1737378694.659100055
67 1737378694.669384717
68 1737378694.679065704
69 1737378694.689034700
70 1737378694.699018478
71 1737378694.709036588
72 1737378694.719034671
73 1737378694.728997230
74 1737378694.738980770
75 1737378694.748965024
76 1737378694.758963823
77 1737378694.768945455
78 1737378694.778919219
79 1737378694.788897752
80 1737378694.798897504
81 1737378694.808882474
82 1737378694.818866014
83 1737378694.828888416
84 1737378694.838849306
85 1737378694.848819971
86 1737378694.858803272
87 1737378694.868780851
88 1737378694.879185199
89 1737378694.889224767
90 1737378694.898873567
91 1737378694.908802747
92 1737378694.918789863
93 1737378694.928970336
94 1737378694.938751459
95 1737378694.948764324
96 1737378694.958807229
97 1737378694.968767166
98 1737378694.978657245
99 1737378694.988647937
100 1737378694.998589038
101 1737378695.008669137
102 1737378695.018653631
103 1737378695.028647184
104 1737378695.038592338
105 1737378695.048644781
106 1737378695.058562994
107 1737378695.068603992
108 1737378695.078534126
109 1737378695.088556051
110 1737378695.098510026
111 1737378695.108536720
112 1737378695.118493080
113 1737378695.128471136
114 1737378695.138421058
115 1737378695.148412942
116 1737378695.158464193
117 1737378695.168346405
118 1737378695.178355932
119 1737378695.188330173
120 1737378695.198320150
121 1737378695.208312511
122 1737378695.218255043
123 1737378695.228244543
124 1737378695.238271713
125 1737378695.248265504
126 1737378695.258212804
127 1737378695.268220901
128 1737378695.278172731
129 1737378695.288585901
130 1737378695.298169851
131 1737378695.308142662
132 1737378695.318104267
133 1737378695.328067064
134 1737378695.338088750
135 1737378695.348114013
136 1737378695.358038425
137 1737378695.368032217
138 1737378695.378015279
139 1737378695.388028383
140 1737378695.397985935
141 1737378695.407973051
142 1737378695.417945861
143 1737378695.427930355
144 1737378695.437913179
145 1737378695.448065042
146 1737378695.458251237
147 1737378695.467880487
148 1737378695.477849006
149 1737378695.487840175
150 1737378695.498171806
151 1737378695.507838249
152 1737378695.518569707
153 1737378695.529077529
154 1737378695.539189577
155 1737378695.548016548
156 1737378695.559492588
157 1737378695.569583415
158 1737378695.577765464
159 1737378695.587708234
160 1737378695.597681522
161 1737378695.607657432
162 1737378695.617682218
163 1737378695.627636909
164 1737378695.637632369
165 1737378695.647605657
166 1737378695.657591819
167 1737378695.667614698
168 1737378695.677819967
169 1737378695.687553644
170 1737378695.697524785
171 1737378695.707509994
172 1737378695.717497110
173 1737378695.727485895
174 1737378695.737457036
175 1737378695.747456312
176 1737378695.757432937
177 1737378695.767411947
178 1737378695.777424573
179 1737378695.787384986
180 1737378695.797396421
181 1737378695.807349443
182 1737378695.817385435
183 1737378695.827348947
184 1737378695.837324380
185 1737378695.847335577
186 1737378695.857298851
187 1737378695.867329835
188 1737378695.877310752
189 1737378695.887295484
190 1737378695.897307872
191 1737378695.907272815
192 1737378695.917240619
193 1737378695.927186012
194 1737378695.937212467
195 1737378695.947144746
196 1737378695.957129955
197 1737378695.967117786
198 1737378695.977113485
199 1737378695.987091302
200 1737378695.997113227
201 1737378696.007076978
202 1737378696.017064809
203 1737378696.027065277
204 1737378696.037035226
205 1737378696.047015190
206 1737378696.056992292
207 1737378696.066979408
208 1737378696.076967239
209 1737378696.086966514
210 1737378696.096933841
211 1737378696.106918811
212 1737378696.116891145
213 1737378696.126867771
214 1737378696.137072801
215 1737378696.146889448
216 1737378696.156851768
217 1737378696.166812896
218 1737378696.176807403
219 1737378696.186788320
220 1737378696.196777820
221 1737378696.206760883
222 1737378696.216738462
223 1737378696.226721763
224 1737378696.236726284
225 1737378696.246686697
226 1737378696.256715774
227 1737378696.266663312
228 1737378696.276694774
229 1737378696.286653041
230 1737378696.296660661
231 1737378696.306620836
232 1737378696.316999912
233 1737378696.326600551
234 1737378696.336592197
235 1737378696.346550703
236 1737378696.356575489
237 1737378696.366585493
238 1737378696.376557111
239 1737378696.386503696
240 1737378696.396511793
241 1737378696.406477212
242 1737378696.416657924
243 1737378696.426669597
244 1737378696.436650276
245 1737378696.446598768
246 1737378696.456585884
247 1737378696.466531753
248 1737378696.476571559
249 1737378696.486366748
250 1737378696.496454000
251 1737378696.506893873
252 1737378696.516917228
253 1737378696.527024745
254 1737378696.536354064
255 1737378696.546372175
256 1737378696.556301832
257 1737378696.566403388
258 1737378696.576733112
259 1737378696.586364507
260 1737378696.596667051
261 1737378696.606769084
262 1737378696.617217540
263 1737378696.627209186
264 1737378696.639626979
265 1737378696.651329994
266 1737378696.659365177
267 1737378696.666266679
268 1737378696.676072359
269 1737378696.686090707
270 1737378696.696470022
271 1737378696.706048488
272 1737378696.716406822
273 1737378696.726026296
274 1737378696.736013174
275 1737378696.746387958
276 1737378696.755964756
277 1737378696.765964746
278 1737378696.775955438
279 1737378696.785918712
280 1737378696.795891523
281 1737378696.805865764
282 1737378696.815875053
283 1737378696.825830221
284 1737378696.835829734
285 1737378696.845807790
286 1737378696.855790615
287 1737378696.865771293
288 1737378696.875756263
289 1737378696.885738134
290 1737378696.895796775
291 1737378696.905774593
292 1737378696.915759086
293 1737378696.925693273
294 1737378696.935674428
295 1737378696.945677757
296 1737378696.955678701
297 1737378696.965654850
298 1737378696.975616931
299 1737378696.985598564
300 1737378696.995584487
301 1737378697.005605697
302 1737378697.015553236
303 1737378697.025543689
304 1737378697.035529136
305 1737378697.045511960
306 1737378697.055497646
307 1737378697.065529823
308 1737378697.075464963
309 1737378697.085454702
310 1737378697.095563173
311 1737378697.105422496
312 1737378697.115410327
313 1737378697.125389337
314 1737378697.135411024
315 1737378697.145380258
316 1737378697.155334472
317 1737378697.165334463
318 1737378697.175334453
319 1737378697.185325622
320 1737378697.195326089
321 1737378697.205343008
322 1737378697.215293169
323 1737378697.225421667
324 1737378697.235293865
325 1737378697.245285749
326 1737378697.255390644
327 1737378697.265298128
328 1737378697.275275945
329 1737378697.285302162
330 1737378697.295279264
331 1737378697.305361270
332 1737378697.315269708
333 1737378697.325327873
334 1737378697.335301637
335 1737378697.345313787
336 1737378697.355399131
337 1737378697.365067720
338 1737378697.375051259
339 1737378697.385103702
340 1737378697.395011425
341 1737378697.405127525
342 1737378697.415055513
343 1737378697.425055027
344 1737378697.435062885
345 1737378697.444913387
346 1737378697.455179929
347 1737378697.465170383
348 1737378697.474887371
349 1737378697.485102415
350 1737378697.495114564
351 1737378697.504874467
352 1737378697.514879941
353 1737378697.524873256
354 1737378697.534815788
355 1737378697.544768095
356 1737378697.554755926
357 1737378697.564747095
358 1737378697.574716567
359 1737378697.584703207
360 1737378697.594689607
361 1737378697.604741811
362 1737378697.614669084
363 1737378697.624683618
364 1737378697.634654521
365 1737378697.644857645
366 1737378697.654589176
367 1737378697.664725065
368 1737378697.674558877
369 1737378697.684579849
370 1737378697.694537401
371 1737378697.704543113
372 1737378697.714504718
373 1737378697.724516630
374 1737378697.734451532
375 1737378697.744494676
376 1737378697.754685163
377 1737378697.764435052
378 1737378697.774542331
379 1737378697.784723281
380 1737378697.794415473
381 1737378697.804338693
382 1737378697.814366817
383 1737378697.824328184
384 1737378697.834330558
385 1737378697.844294309
386 1737378697.854290246
387 1737378697.864247322
388 1737378697.874247074
389 1737378697.884451866
390 1737378697.894505977
391 1737378697.904239416
392 1737378697.914202451
393 1737378697.924307823
394 1737378697.934169292
395 1737378697.944447994
396 1737378697.954292535
397 1737378697.964111089
398 1737378697.974171876
399 1737378697.984110355
400 1737378697.994080781
401 1737378698.004070281
402 1737378698.014051675
403 1737378698.024034976
404 1737378698.034030675
405 1737378698.044027805
406 1737378698.054025411
407 1737378698.063992977
408 1737378698.074044942
409 1737378698.083961248
410 1737378698.093952178
411 1737378698.103935241
412 1737378698.113938331
413 1737378698.123894453
414 1737378698.133875131
415 1737378698.143939733
416 1737378698.153878450
417 1737378698.163836240
418 1737378698.173839330
419 1737378698.183809280
420 1737378698.193809270
421 1737378698.203790187
422 1737378698.213744878
423 1737378698.223728179
424 1737378698.233712911
425 1737378698.244305133
426 1737378698.253696918
427 1737378698.263678550
428 1737378698.273654222
429 1737378698.283648014
430 1737378698.293616533
431 1737378698.303599357
432 1737378698.313965320
433 1737378698.323848009
434 1737378698.333565950
435 1737378698.343549489
436 1737378698.353519916
437 1737378698.363504409
438 1737378698.373522758
439 1737378698.383529424
440 1737378698.393477439
441 1737378698.403485536
442 1737378698.413471698
443 1737378698.423440933
444 1737378698.433408498
445 1737378698.443398952
446 1737378698.454094409
447 1737378698.463354587
448 1737378698.473357677
449 1737378698.483333110
450 1737378698.493362426
451 1737378698.503298044
452 1737378698.513283729
453 1737378698.523271083
454 1737378698.533255577
455 1737378698.543265104
456 1737378698.553243875
457 1737378698.563210725
458 1737378698.573217868
459 1737378698.583199501
460 1737378698.593169927
461 1737378698.603149890
462 1737378698.613132953
463 1737378698.623114585
464 1737378698.633231878
465 1737378698.643103599
466 1737378698.653088808
467 1737378698.663083314
468 1737378698.673064708
469 1737378698.683036565
470 1737378698.693181276
471 1737378698.703404188
472 1737378698.713005542
473 1737378698.722988843
474 1737378698.732995271
475 1737378698.742986679
476 1737378698.752995252
477 1737378698.762956857
478 1737378698.772941350
479 1737378698.782933235
480 1737378698.792953252
481 1737378698.802918910
482 1737378698.812840938
483 1737378698.822900772
484 1737378698.832877159
485 1737378698.842821598
486 1737378698.852805852
487 1737378698.862779378
488 1737378698.872756958
489 1737378698.882742166
490 1737378698.892735242
491 1737378698.902722597
492 1737378698.912749528
493 1737378698.922710418
494 1737378698.932710886
495 1737378698.942712068
496 1737378698.952689409
497 1737378698.962642431
498 1737378698.972802877
499 1737378698.982609033
500 1737378698.992617130
501 1737378699.002573966
502 1737378699.012588262
503 1737378699.022578716
504 1737378699.032606363
505 1737378699.042509317
506 1737378699.052520990
507 1737378699.062475681
508 1737378699.072546005
509 1737378699.082456350
510 1737378699.092455625
511 1737378699.102421760
512 1737378699.112440347
513 1737378699.122413396
514 1737378699.132379531
515 1737378699.142355442
516 1737378699.152354478
517 1737378699.162333250
518 1737378699.172316312
519 1737378699.182303667
520 1737378699.192307233
521 1737378699.202273607
522 1737378699.212266445
523 1737378699.222245216
524 1737378699.232229232
525 1737378699.242218732
526 1737378699.252252817
527 1737378699.262200593
528 1737378699.272159337
529 1737378699.282213687
530 1737378699.292163610
531 1737378699.302142143
532 1737378699.312191724
533 1737378699.322104930
534 1737378699.332129001
535 1737378699.342128753
536 1737378699.352076530
537 1737378699.362052679
538 1737378699.372049570
539 1737378699.382026195
540 1737378699.392025232
541 1737378699.402082443
542 1737378699.412058830
543 1737378699.422041654
544 1737378699.431959152
545 1737378699.441943645
546 1737378699.451940059
547 1737378699.461900234
548 1737378699.471900224
549 1737378699.482218265
550 1737378699.491954326
551 1737378699.501952409
552 1737378699.512016534
553 1737378699.522063970
554 1737378699.531939744
555 1737378699.541959285
556 1737378699.552037477
557 1737378699.561975002
558 1737378699.571970701
559 1737378699.581708908
560 1737378699.591764688
561 1737378699.601699590
562 1737378699.611682891
563 1737378699.621736288
564 1737378699.631762504
565 1737378699.641744852
566 1737378699.651728153
567 1737378699.661715984
568 1737378699.671704292
569 1737378699.681681156
570 1737378699.691661596
571 1737378699.701664924
572 1737378699.711630821
573 1737378699.721606492
574 1737378699.731617212
575 1737378699.741578578
576 1737378699.751579046
577 1737378699.761540889
578 1737378699.771525144
579 1737378699.781532764
580 1737378699.791496753
581 1737378699.801477670
582 1737378699.811463117
583 1737378699.821424484
584 1737378699.831939220
585 1737378699.841393232
586 1737378699.851274490
587 1737378699.861759424
588 1737378699.871254444
589 1737378699.881240367
590 1737378699.891230106
591 1737378699.901235818
592 1737378699.911239624
593 1737378699.921179533
594 1737378699.931160926
595 1737378699.941149473
596 1737378699.951124429
597 1737378699.961134195
598 1737378699.971094846
599 1737378699.981089591
600 1737378699.991074800
601 1737378700.001047134
602 1737378700.011052608
603 1737378700.021019935
604 1737378700.031005382
605 1737378700.040997028
606 1737378700.050963401
607 1737378700.060957193
608 1737378700.070945501
609 1737378700.080957174
610 1737378700.090922594
611 1737378700.100908279
612 1737378700.110896348
613 1737378700.120886087
614 1737378700.130962848
615 1737378700.141033411
616 1737378700.150977134
617 1737378700.160921335
618 1737378700.170890808
619 1737378700.181057453
620 1737378700.190970897
621 1737378700.200896024
622 1737378700.210839033
623 1737378700.220818519
624 1737378700.230699062
625 1737378700.240682601
626 1737378700.250670194
627 1737378700.260684967
628 1737378700.270633697
629 1737378700.280650377
630 1737378700.290604352
631 1737378700.300630092
632 1737378700.310591936
633 1737378700.320608139
634 1737378700.330562829
635 1737378700.340628385
636 1737378700.350611925
637 1737378700.360542058
638 1737378700.370511770
639 1737378700.380508422
640 1737378700.390475749
641 1737378700.400467872
642 1737378700.410442590
643 1737378700.420454025
644 1737378700.430405139
645 1737378700.440431594
646 1737378700.450374364
647 1737378700.460359334
648 1737378700.470355272
649 1737378700.480321645
650 1737378700.490319967
651 1737378700.500333070
652 1737378700.510305881
653 1737378700.520278692
654 1737378700.530269622
655 1737378700.540249586
656 1737378700.550237894
657 1737378700.560215234
658 1737378700.570198774
659 1737378700.580193758
660 1737378700.590196132
661 1737378700.600191593
662 1737378700.610158443
663 1737378700.620124340
664 1737378700.630115509
665 1737378700.640116691
666 1737378700.650091171
667 1737378700.660043478
668 1737378700.670029401
669 1737378700.680028438
670 1737378700.690010786
671 1737378700.700042724
672 1737378700.709988117
673 1737378700.719981908
674 1737378700.729950666
675 1737378700.739934682
676 1737378700.749923944
677 1737378700.759901285
678 1737378700.769908666
679 1737378700.779887199
680 1737378700.789879083
681 1737378700.799876451
682 1737378700.809834957
683 1737378700.819815158
684 1737378700.829796314
685 1737378700.839816808
686 1737378700.849771499
687 1737378700.859770298
688 1737378700.869746923
689 1737378700.879752874
690 1737378700.889729976
691 1737378700.899708986
692 1737378700.909705162
693 1737378700.919680356
694 1737378700.929671049
695 1737378700.939684629
696 1737378700.949680805
697 1737378700.959653854
698 1737378700.969629526
699 1737378700.979662179
700 1737378700.989609003
701 1737378700.999601840
702 1737378701.009574413
703 1737378701.019552230
704 1737378701.029592514
705 1737378701.039536476
706 1737378701.049496173
707 1737378701.059471130
708 1737378701.069436788
709 1737378701.079418659
710 1737378701.089413642
711 1737378701.099392652
712 1737378701.109385728
713 1737378701.119370222
714 1737378701.129364490
715 1737378701.139374017
716 1737378701.149375677
717 1737378701.159327268
718 1737378701.169307708
719 1737378701.179342031
720 1737378701.189284086
721 1737378701.199260473
722 1737378701.209259271
723 1737378701.219247102
724 1737378701.229230642
725 1737378701.239205837
726 1737378701.249188899
727 1737378701.259181976
728 1737378701.269173145
729 1737378701.279179096
730 1737378701.289131402
731 1737378701.299130916
732 1737378701.309104681
733 1737378701.319335937
734 1737378701.329369306
735 1737378701.339226007
736 1737378701.349093198
737 1737378701.359019756
738 1737378701.369009494
739 1737378701.379012584
740 1737378701.388980150
741 1737378701.398975849
742 1737378701.408955574
743 1737378701.418930292
744 1737378701.428934812
745 1737378701.438931465
746 1737378701.448949098
747 1737378701.458930253
748 1737378701.468876600
749 1737378701.478914499
750 1737378701.488839626
751 1737378701.498900890
752 1737378701.508926868
753 1737378701.518810033
754 1737378701.528784036
755 1737378701.538745641
756 1737378701.548742771
757 1737378701.558727979
758 1737378701.568758249
759 1737378701.578700065
760 1737378701.588747978
761 1737378701.598713397
762 1737378701.608680963
763 1737378701.618661642
764 1737378701.628671884
765 1737378701.638685464
766 1737378701.648781061
767 1737378701.658822774
768 1737378701.668764352
769 1737378701.678586721
770 1737378701.688575267
771 1737378701.698533058
772 1737378701.708534240
773 1737378701.718624353
774 1737378701.728517055
775 1737378701.738482952
776 1737378701.748678445
777 1737378701.758598804
778 1737378701.768598794
779 1737378701.778579235
780 1737378701.788582324
781 1737378701.798539638
782 1737378701.808468341
783 1737378701.818393945
784 1737378701.828372240
785 1737378701.838401556
786 1737378701.848438739
787 1737378701.858397722
788 1737378701.868407964
789 1737378701.878263473
790 1737378701.888236284
791 1737378701.898226737
792 1737378701.908218383
793 1737378701.918189764
794 1737378701.928163051
795 1737378701.938185453
796 1737378701.948138713
797 1737378701.958125114
798 1737378701.968115091
799 1737378701.978143453
800 1737378701.988085031
801 1737378701.998062372
802 1737378702.008036613
803 1737378702.018014669
804 1737378702.028001070
805 1737378702.037986993
806 1737378702.047976732
807 1737378702.057962656
808 1737378702.067945957
809 1737378702.077975511
810 1737378702.087898731
811 1737378702.097918272
812 1737378702.108762979
813 1737378702.117874860
814 1737378702.127858638
815 1737378702.137848615
816 1737378702.147825479
817 1737378702.157820701
818 1737378702.167794942
819 1737378702.177795171
820 1737378702.187772512
821 1737378702.197751283
822 1737378702.207738637
823 1737378702.217734098
824 1737378702.227703571
825 1737378702.237697839
826 1737378702.247680187
827 1737378702.257667303
828 1737378702.267652273
829 1737378702.277696609
830 1737378702.287648439
831 1737378702.297594308
832 1737378702.307577133
833 1737378702.318439483
834 1737378702.327551841
835 1737378702.337870121
836 1737378702.347508907
837 1737378702.357573986
838 1737378702.367497444
839 1737378702.377485513
840 1737378702.387465715
841 1737378702.397450923
842 1737378702.407441139
843 1737378702.417420387
844 1737378702.427416086
845 1737378702.437397003
846 1737378702.447396755
847 1737378702.457361459
848 1737378702.467352151
849 1737378702.477327346
850 1737378702.487309932
851 1737378702.497292518
852 1737378702.507291793
853 1737378702.517281055
854 1737378702.527254343
855 1737378702.537279844
856 1737378702.547262430
857 1737378702.557248353
858 1737378702.567241191
859 1737378702.577188253
860 1737378702.587174177
861 1737378702.597159624
862 1737378702.607135772
863 1737378702.617133617
864 1737378702.627114057
865 1737378702.637621641
866 1737378702.647090911
867 1737378702.657046794
868 1737378702.667027950
869 1737378702.677018642
870 1737378702.687006235
871 1737378702.696986436
872 1737378702.706989526
873 1737378702.716954469
874 1737378702.726948261
875 1737378702.736927509
876 1737378702.746905088
877 1737378702.757329463
878 1737378702.766884803
879 1737378702.776864290
880 1737378702.786864280
881 1737378702.796839952
882 1737378702.806831598
883 1737378702.816823720
884 1737378702.826796293
885 1737378702.836781978
886 1737378702.846767663
887 1737378702.856753587
888 1737378702.866765499
889 1737378702.876729011
890 1737378702.886729001
891 1737378702.896711826
892 1737378702.906712293
893 1737378702.916683673
894 1737378702.926658868
895 1737378702.936670541
896 1737378702.946628808
897 1737378702.956643581
898 1737378702.966600656
899 1737378702.976605892
900 1737378702.986567497
901 1737378702.996577024
902 1737378703.006550550
903 1737378703.016548156
904 1737378703.026504755
905 1737378703.036521673
906 1737378703.046479463
907 1737378703.056534051
908 1737378703.066486358
909 1737378703.076635837
910 1737378703.086480855
911 1737378703.096524000
912 1737378703.106520652
913 1737378703.116502046
914 1737378703.126470565
915 1737378703.136493921
916 1737378703.146554708
917 1737378703.156442403
918 1737378703.166491508
919 1737378703.176443815
920 1737378703.186337232
921 1737378703.196334600
922 1737378703.206302165
923 1737378703.216294765
924 1737378703.226274251
925 1737378703.236489534
926 1737378703.246299028
927 1737378703.256201982
928 1737378703.266218423
929 1737378703.276159763
930 1737378703.286303997
931 1737378703.296212434
932 1737378703.306071281
933 1737378703.316153287
934 1737378703.326099395
935 1737378703.336054563
936 1737378703.346039295
937 1737378703.356018066
938 1737378703.366007089
939 1737378703.375976085
940 1737378703.385982513
941 1737378703.395950078
942 1737378703.406114101
943 1737378703.416110754
944 1737378703.425932884
945 1737378703.435882806
946 1737378703.445881843
947 1737378703.455864906
948 1737378703.465861320
949 1737378703.475821971
950 1737378703.485839128
951 1737378703.495860576
952 1737378703.505791425
953 1737378703.515782356
954 1737378703.525772333
955 1737378703.535752296
956 1737378703.546083211
957 1737378703.555699348
958 1737378703.565687179
959 1737378703.575670242
960 1737378703.585644245
961 1737378703.595633268
962 1737378703.605690479
963 1737378703.615607023
964 1737378703.625585079
965 1737378703.635657072
966 1737378703.645580291
967 1737378703.655549526
968 1737378703.665621519
969 1737378703.675532817
970 1737378703.685516357
971 1737378703.695509433
972 1737378703.705589532
973 1737378703.715470552
974 1737378703.725634574
975 1737378703.735599756
976 1737378703.745502233
977 1737378703.755447149
978 1737378703.765394210
979 1737378703.775385379
980 1737378703.785372972
981 1737378703.795350551
982 1737378703.805446624
983 1737378703.815325736
984 1737378703.825469255
985 1737378703.835484504
986 1737378703.845400094
987 1737378703.855420589
988 1737378703.865420579
989 1737378703.875397205
990 1737378703.885453224
991 1737378703.895423650
992 1737378703.905217885
993 1737378703.915282726
994 1737378703.925195217
995 1737378703.935181379
996 1737378703.945166349
997 1737378703.955143213
998 1737378703.965142488
999 1737378703.975126504
1000 1737378703.985107183
1001 1737378703.995189428
1002 1737378704.005081415
1003 1737378704.015179634
1004 1737378704.025043487
1005 1737378704.035029172
1006 1737378704.045028209
1007 1737378704.055002927
1008 1737378704.065013647
1009 1737378704.074953794
1010 1737378704.084954023
1011 1737378704.095038175
1012 1737378704.104897737
1013 1737378704.115017175
1014 1737378704.124894618
1015 1737378704.134866476
1016 1737378704.145061492
1017 1737378704.154959678
1018 1737378704.165082693
1019 1737378704.174989461
1020 1737378704.185060262
1021 1737378704.195295572
1022 1737378704.204866647
1023 1737378704.214936494
1024 1737378704.224832296
1025 1737378704.234813690
1026 1737378704.244689464
1027 1737378704.254785060
1028 1737378704.264798879
1029 1737378704.274757385
1030 1737378704.284998655
1031 1737378704.294612169
1032 1737378704.304630279
1033 1737378704.314586877
1034 1737378704.324570894
1035 1737378704.334520339
1036 1737378704.344533920
1037 1737378704.354503393
1038 1737378704.364525318
1039 1737378704.374472141
1040 1737378704.384479522
1041 1737378704.394429922
1042 1737378704.404468774
1043 1737378704.414422750
1044 1737378704.424431085
1045 1737378704.434383392
1046 1737378704.444363355
1047 1737378704.454342365
1048 1737378704.464334011
1049 1737378704.474313497
1050 1737378704.484302282
1051 1737378704.494290351
1052 1737378704.504261016
1053 1737378704.514266014
1054 1737378704.524250268
1055 1737378704.534236669
1056 1737378704.544234514
1057 1737378704.554216384
1058 1737378704.564181566
1059 1737378704.574187278
1060 1737378704.584175109
1061 1737378704.594144105
1062 1737378704.604122161
1063 1737378704.614120721
1064 1737378704.624114990
1065 1737378704.635010004
1066 1737378704.644119262
1067 1737378704.654055833
1068 1737378704.664039611
1069 1737378704.674024820
1070 1737378704.684062957
1071 1737378704.694012165
1072 1737378704.704010486
1073 1737378704.714005708
1074 1737378704.723937034
1075 1737378704.733930587
1076 1737378704.743900299
1077 1737378704.753909826
1078 1737378704.763884305
1079 1737378704.773889064
1080 1737378704.783848762
1081 1737378704.793865680
1082 1737378704.803837299
1083 1737378704.813814163
1084 1737378704.823789119
1085 1737378704.833791017
1086 1737378704.843771696
1087 1737378704.853735923
1088 1737378704.863765001
1089 1737378704.873747110
1090 1737378704.883696079
1091 1737378704.893669605
1092 1737378704.903666019
1093 1737378704.913672208
1094 1737378704.923696279
1095 1737378704.933624744
1096 1737378704.943625688
1097 1737378704.953594207
1098 1737378704.963570594
1099 1737378704.973559617
1100 1737378704.983566761
1101 1737378704.993524074
1102 1737378705.003517389
1103 1737378705.013496160
1104 1737378705.023480892
1105 1737378705.033470630
1106 1737378705.043444395
1107 1737378705.053442478
1108 1737378705.063445329
1109 1737378705.073416709
1110 1737378705.083418369
1111 1737378705.093388319
1112 1737378705.103370189
1113 1737378705.113375425
1114 1737378705.123340606
1115 1737378705.133326768
1116 1737378705.143309831
1117 1737378705.153307914
1118 1737378705.163281202
1119 1737378705.173281908
1120 1737378705.183253049
1121 1737378705.193237781
1122 1737378705.203250169
1123 1737378705.213200330
1124 1737378705.223207473
1125 1737378705.233367919
1126 1737378705.243261337
1127 1737378705.253250837
1128 1737378705.263218641
1129 1737378705.273235082
1130 1737378705.283206701
1131 1737378705.293198823
1132 1737378705.303152561
1133 1737378705.313150644
1134 1737378705.323151588
1135 1737378705.333168268
1136 1737378705.343142986
1137 1737378705.353170156
1138 1737378705.363126516
1139 1737378705.373043060
1140 1737378705.383033514
1141 1737378705.393011093
1142 1737378705.403007268
1143 1737378705.413012981
1144 1737378705.423046588
1145 1737378705.432883977
1146 1737378705.442861318
1147 1737378705.452843427
1148 1737378705.462833881
1149 1737378705.472827672
1150 1737378705.482803821
1151 1737378705.492786407
1152 1737378705.502772331
1153 1737378705.512747764
1154 1737378705.522738456
1155 1737378705.532804250
1156 1737378705.542712211
1157 1737378705.552695274
1158 1737378705.562672853
1159 1737378705.572675943
1160 1737378705.582667827
1161 1737378705.592679500
1162 1737378705.602639913
1163 1737378705.612663745
1164 1737378705.622591018
1165 1737378705.632614612
1166 1737378705.642564296
1167 1737378705.652575731
1168 1737378705.662590742
1169 1737378705.672606468
1170 1737378705.682556867
1171 1737378705.692522048
1172 1737378705.702472448
1173 1737378705.712486982
1174 1737378705.722454786
1175 1737378705.732514381
1176 1737378705.742470026
1177 1737378705.752506256
1178 1737378705.762399673
1179 1737378705.772416353
1180 1737378705.782378435
1181 1737378705.792357683
1182 1737378705.802361011
1183 1737378705.812329053
1184 1737378705.822317600
1185 1737378705.832301378
1186 1737378705.842268466
1187 1737378705.852236032
1188 1737378705.862235307
1189 1737378705.872302532
1190 1737378705.882195711
1191 1737378705.892183542
1192 1737378705.902183532
1193 1737378705.912179708
1194 1737378705.922150850
1195 1737378705.932159900
1196 1737378705.942115545
1197 1737378705.952112674
1198 1737378705.962108612
1199 1737378705.972079038
1200 1737378705.982068061
1201 1737378705.992069959
1202 1737378706.002038955
1203 1737378706.012027978
1204 1737378706.022012472
1205 1737378706.031997442
1206 1737378706.042068481
1207 1737378706.051976919
1208 1737378706.061946630
1209 1737378706.071941852
1210 1737378706.081972122
1211 1737378706.091992616
1212 1737378706.101929903
1213 1737378706.112000465
1214 1737378706.121890068
1215 1737378706.131870269
1216 1737378706.141952276
1217 1737378706.151842117
1218 1737378706.161909103
1219 1737378706.171797990
1220 1737378706.181850433
1221 1737378706.191874265
1222 1737378706.201864480
1223 1737378706.211762666
1224 1737378706.221722841
1225 1737378706.231811523
1226 1737378706.241803407
1227 1737378706.251698732
1228 1737378706.261673212
1229 1737378706.271821737
1230 1737378706.281804561
1231 1737378706.291697740
1232 1737378706.301961421
1233 1737378706.312068462
1234 1737378706.321557998
1235 1737378706.331583738
1236 1737378706.341956138
1237 1737378706.351788282
1238 1737378706.361757993
1239 1737378706.371846914
1240 1737378706.381831884
1241 1737378706.391711235
1242 1737378706.401707172
1243 1737378706.411697626
1244 1737378706.421682357
1245 1737378706.431374311
1246 1737378706.441369295
1247 1737378706.451346635
1248 1737378706.461341142
1249 1737378706.471312284
1250 1737378706.481297731
1251 1737378706.491292715
1252 1737378706.501261234
1253 1737378706.511252164
1254 1737378706.521252393
1255 1737378706.531224489
1256 1737378706.541211366
1257 1737378706.551187992
1258 1737378706.561186790
1259 1737378706.571180105
1260 1737378706.581157684
1261 1737378706.591138839
1262 1737378706.601126670
1263 1737378706.611109018
1264 1737378706.621159791
1265 1737378706.631083011
1266 1737378706.641077995
1267 1737378706.651050329
1268 1737378706.661035537
1269 1737378706.671016931
1270 1737378706.681011199
1271 1737378706.690985202
1272 1737378706.700955152
1273 1737378706.710953712
1274 1737378706.720944166
1275 1737378706.730912208
1276 1737378706.740910768
1277 1737378706.750888109
1278 1737378706.760875940
1279 1737378706.770863294
1280 1737378706.780858039
1281 1737378706.791018962
1282 1737378706.800837039
1283 1737378706.810815334
1284 1737378706.820802211
1285 1737378706.830786705
1286 1737378706.840764760
1287 1737378706.850752353
1288 1737378706.860745668
1289 1737378706.870728254
1290 1737378706.880719900
1291 1737378706.890691518
1292 1737378706.900721073
1293 1737378706.910695314
1294 1737378706.920727729
1295 1737378706.930640220
1296 1737378706.940641164
1297 1737378706.950612783
1298 1737378706.960649251
1299 1737378706.970650434
1300 1737378706.980585098
1301 1737378706.990556955
1302 1737378707.000595569
1303 1737378707.010558366
1304 1737378707.020583152
1305 1737378707.030525684
1306 1737378707.040548324
1307 1737378707.050497293
1308 1737378707.060526609
1309 1737378707.070466041
1310 1737378707.080471992
1311 1737378707.090433359
1312 1737378707.100454330
1313 1737378707.110415458
1314 1737378707.120357513
1315 1737378707.130351066
1316 1737378707.140327453
1317 1737378707.150328159
1318 1737378707.160443544
1319 1737378707.170279741
1320 1737378707.180294036
1321 1737378707.190232038
1322 1737378707.200241327
1323 1737378707.210222244
1324 1737378707.220197677
1325 1737378707.230195283
1326 1737378707.240157365
1327 1737378707.250151395
1328 1737378707.260145187
1329 1737378707.270124435
1330 1737378707.280135393
1331 1737378707.290094137
1332 1737378707.300069570
1333 1737378707.310055255
1334 1737378707.320046901
1335 1737378707.330023765
1336 1737378707.340024471
1337 1737378707.349990606
1338 1737378707.359978914
1339 1737378707.369971275
1340 1737378707.380004644
1341 1737378707.389947891
1342 1737378707.399926900
1343 1737378707.409906625
1344 1737378707.419883012
1345 1737378707.429869174
1346 1737378707.439865589
1347 1737378707.449860334
1348 1737378707.459823131
1349 1737378707.469831228
1350 1737378707.479821920
1351 1737378707.489781141
1352 1737378707.499949216
1353 1737378707.509785652
1354 1737378707.519757509
1355 1737378707.529743909
1356 1737378707.539716720
1357 1737378707.549701213
1358 1737378707.559691667
1359 1737378707.569675922
1360 1737378707.579659223
1361 1737378707.589637517
1362 1737378707.599609851
1363 1737378707.609601259
1364 1737378707.619584321
1365 1737378707.629590034
1366 1737378707.639602661
1367 1737378707.649571657
1368 1737378707.659532070
1369 1737378707.669528245
1370 1737378707.679507970
1371 1737378707.689499616
1372 1737378707.699477672
1373 1737378707.709453344
1374 1737378707.719437599
1375 1737378707.729430198
1376 1737378707.739411115
1377 1737378707.749393224
1378 1737378707.759387969
1379 1737378707.769366025
1380 1737378707.779373407
1381 1737378707.789351940
1382 1737378707.799332141
1383 1737378707.809327125
1384 1737378707.819305658
1385 1737378707.829297065
1386 1737378707.839281558
1387 1737378707.849266529
1388 1737378707.859246730
1389 1737378707.869226932
1390 1737378707.879227161
1391 1737378707.889213323
1392 1737378707.899183988
1393 1737378707.909176826
1394 1737378707.919184923
1395 1737378707.929144382
1396 1737378707.939134836
1397 1737378707.949129581
1398 1737378707.959100723
1399 1737378707.969078540
1400 1737378707.979052066
1401 1737378707.989033699
1402 1737378707.999162197
1403 1737378708.009164094
1404 1737378708.019028186
1405 1737378708.029001474
1406 1737378708.038977384
1407 1737378708.048985958
1408 1737378708.058947086
1409 1737378708.069017648
1410 1737378708.078950881
1411 1737378708.088927268
1412 1737378708.098882913
1413 1737378708.108850717
1414 1737378708.118827581
1415 1737378708.128823518
1416 1737378708.138830661
1417 1737378708.148802518
1418 1737378708.158778667
1419 1737378708.168780088
1420 1737378708.178768157
1421 1737378708.188826084
1422 1737378708.198727846
1423 1737378708.208713531
1424 1737378708.218691349
1425 1737378708.228671073
1426 1737378708.238679409
1427 1737378708.248681306
1428 1737378708.258627414
1429 1737378708.268654823
1430 1737378708.278614759
1431 1737378708.288640022
1432 1737378708.298567056
1433 1737378708.308580398
1434 1737378708.318545103
1435 1737378708.328558444
1436 1737378708.338499784
1437 1737378708.348535776
1438 1737378708.358479499
1439 1737378708.368487119
1440 1737378708.378463745
1441 1737378708.388458013
1442 1737378708.398421764
1443 1737378708.408451557
1444 1737378708.418401241
1445 1737378708.428419113
1446 1737378708.438373804
1447 1737378708.448339939
1448 1737378708.458329200
1449 1737378708.468328714
1450 1737378708.478440999
1451 1737378708.488449573
1452 1737378708.498422384
1453 1737378708.508372783
1454 1737378708.518291950
1455 1737378708.528589248
1456 1737378708.538356542
1457 1737378708.548580646
1458 1737378708.558566570
1459 1737378708.568545341
1460 1737378708.578522443
1461 1737378708.588518381
1462 1737378708.598249435
1463 1737378708.608247280
1464 1737378708.618214845
1465 1737378708.628202438
1466 1737378708.638173103
1467 1737378708.648160696
1468 1737378708.658147335
1469 1737378708.668151855
1470 1737378708.678117513
1471 1737378708.688146352
1472 1737378708.698073863
1473 1737378708.708069086
1474 1737378708.718060970
1475 1737378708.728040933
1476 1737378708.737913608
1477 1737378708.747891426
1478 1737378708.757893085
1479 1737378708.767933845
1480 1737378708.777846336
1481 1737378708.787885904
1482 1737378708.797826051
1483 1737378708.807801961
1484 1737378708.817794561
1485 1737378708.827799558
1486 1737378708.837790012
1487 1737378708.847737073
1488 1737378708.857725143
1489 1737378708.867712736
1490 1737378708.877717494
1491 1737378708.887681245
1492 1737378708.897672414
1493 1737378708.907656669
1494 1737378708.917632579
1495 1737378708.927638292
1496 1737378708.937626838
1497 1737378708.947637319
1498 1737378708.957623481
1499 1737378708.967602968
1500 1737378708.977553129
1501 1737378708.987536191
1502 1737378708.997512340
1503 1737378709.007494688
1504 1737378709.017500877
1505 1737378709.027489900
1506 1737378709.037463188
1507 1737378709.047446727
1508 1737378709.057447433
1509 1737378709.067416429
1510 1737378709.077415227
1511 1737378709.087393283
1512 1737378709.097375154
1513 1737378709.107494831
1514 1737378709.117397308
1515 1737378709.127396345
1516 1737378709.137369155
1517 1737378709.147365331
1518 1737378709.157367467
1519 1737378709.167338609
1520 1737378709.177338123
1521 1737378709.187294721
1522 1737378709.197297811
1523 1737378709.207286119
1524 1737378709.217251539
1525 1737378709.227247953
1526 1737378709.237174987
1527 1737378709.247236251
1528 1737378709.257213354
1529 1737378709.267190933
1530 1737378709.277181148
1531 1737378709.287158966
1532 1737378709.297153949
1533 1737378709.307072401
1534 1737378709.317037582
1535 1737378709.327027559
1536 1737378709.337015151
1537 1737378709.347000598
1538 1737378709.356984138
1539 1737378709.366969585
1540 1737378709.376995086
1541 1737378709.386950969
1542 1737378709.396925687
1543 1737378709.406900882
1544 1737378709.416948080
1545 1737378709.426882266
1546 1737378709.436874866
1547 1737378709.446842670
1548 1737378709.456847429
1549 1737378709.466814041
1550 1737378709.476820468
1551 1737378709.486808300
1552 1737378709.496771812
1553 1737378709.506750345
1554 1737378709.516737699
1555 1737378709.526731014
1556 1737378709.536725521
1557 1737378709.546689271
1558 1737378709.556680202
1559 1737378709.566676378
1560 1737378709.576687574
1561 1737378709.586640834
1562 1737378709.596660137
1563 1737378709.606832981
1564 1737378709.616863012
1565 1737378709.627031087
1566 1737378709.637290716
1567 1737378709.647175312
1568 1737378709.656876087
1569 1737378709.668652057
1570 1737378709.676579236
1571 1737378709.686573743
1572 1737378709.696613550
1573 1737378709.706499576
1574 1737378709.716512918
1575 1737378709.726897478
1576 1737378709.736471652
1577 1737378709.746423244
1578 1737378709.756473302
1579 1737378709.766384601
1580 1737378709.776420116
1581 1737378709.786358594
1582 1737378709.796798467
1583 1737378709.806343793
1584 1737378709.816347599
1585 1737378709.826307535
1586 1737378709.836307764
1587 1737378709.846306324
1588 1737378709.856288194
1589 1737378709.866271734
1590 1737378709.876254558
1591 1737378709.886240720
1592 1737378709.896222352
1593 1737378709.906185150
1594 1737378709.916149616
1595 1737378709.926153898
1596 1737378709.936118364
1597 1737378709.946110010
1598 1737378709.956092596
1599 1737378709.966072320
1600 1737378709.976059913
1601 1737378709.986041069
1602 1737378709.996033191
1603 1737378710.006023406
1604 1737378710.015985965
1605 1737378710.025969982
1606 1737378710.035973787
1607 1737378710.045945644
1608 1737378710.055922746
1609 1737378710.065905094
1610 1737378710.075888633
1611 1737378710.085885763
1612 1737378710.095864772
1613 1737378710.105865001
1614 1737378710.115837097
1615 1737378710.125814199
1616 1737378710.135803699
1617 1737378710.145786046
1618 1737378710.155781030
1619 1737378710.165762901
1620 1737378710.175758361
1621 1737378710.185734748
1622 1737378710.195713996
1623 1737378710.205694913
1624 1737378710.215680837
1625 1737378710.225672960
1626 1737378710.235651493
1627 1737378710.245648622
1628 1737378710.255623340
1629 1737378710.265627145
1630 1737378710.275593996
1631 1737378710.285581350
1632 1737378710.295568704
1633 1737378710.305554866
1634 1737378710.315548419
1635 1737378710.325534105
1636 1737378710.335513830
1637 1737378710.345507144
1638 1737378710.355477571
1639 1737378710.365524053
1640 1737378710.375505924
1641 1737378710.385491132
1642 1737378710.395467996
1643 1737378710.405462026
1644 1737378710.415448427
1645 1737378710.425534009
1646 1737378710.435523033
1647 1737378710.445504188
1648 1737378710.455465793
1649 1737378710.465505123
1650 1737378710.475425958
1651 1737378710.485396623
1652 1737378710.495373249
1653 1737378710.505447149
1654 1737378710.515412330
1655 1737378710.525391101
1656 1737378710.535347461
1657 1737378710.545333385
1658 1737378710.555327415
1659 1737378710.565220594
1660 1737378710.575206518
1661 1737378710.585192680
1662 1737378710.595194578
1663 1737378710.605175495
1664 1737378710.615139245
1665 1737378710.625103712
1666 1737378710.635619878
1667 1737378710.645042896
1668 1737378710.655015707
1669 1737378710.665024280
1670 1737378710.674988031
1671 1737378710.684997320
1672 1737378710.694967031
1673 1737378710.704954147
1674 1737378710.714931249
1675 1737378710.724924325
1676 1737378710.734915733
1677 1737378710.744910478
1678 1737378710.754879236
1679 1737378710.765027999
1680 1737378710.774861335
1681 1737378710.784840822
1682 1737378710.794826030
1683 1737378710.804813861
1684 1737378710.814800739
1685 1737378710.824788570
1686 1737378710.834764003
1687 1737378710.844753503
1688 1737378710.854747533
1689 1737378710.864732265
1690 1737378710.874700307
1691 1737378710.884704351
1692 1737378710.894670486
1693 1737378710.904829740
1694 1737378710.914655447
1695 1737378710.924660205
1696 1737378710.934613466
1697 1737378710.944629192
1698 1737378710.954589843
1699 1737378710.964614629
1700 1737378710.974555969
1701 1737378710.984577178
1702 1737378710.994529724
1703 1737378711.004539489
1704 1737378711.014497280
1705 1737378711.024505376
1706 1737378711.034463405
1707 1737378711.044484853
1708 1737378711.054423570
1709 1737378711.064500331
1710 1737378711.074407339
1711 1737378711.084522008
1712 1737378711.094367265
1713 1737378711.104357481
1714 1737378711.114346981
1715 1737378711.124330043
1716 1737378711.134351730
1717 1737378711.144296407
1718 1737378711.154269695
1719 1737378711.164270877
1720 1737378711.174255371
1721 1737378711.184230566
1722 1737378711.194228649
1723 1737378711.204199314
1724 1737378711.214192867
1725 1737378711.224177598
1726 1737378711.234143495
1727 1737378711.244133234
1728 1737378711.254113435
1729 1737378711.264103889
1730 1737378711.274097204
1731 1737378711.284069538
1732 1737378711.294057130
1733 1737378711.304043054
1734 1737378711.314028501
1735 1737378711.324027538
1736 1737378711.333994388
1737 1737378711.343994617
1738 1737378711.353989124
1739 1737378711.364009618
1740 1737378711.373970508
1741 1737378711.383921146
1742 1737378711.393923521
1743 1737378711.403895139
1744 1737378711.413887500
1745 1737378711.423863887
1746 1737378711.433856487
1747 1737378711.443839788
1748 1737378711.453836441
1749 1737378711.463817358
1750 1737378711.473801612
1751 1737378711.483791351
1752 1737378711.493768692
1753 1737378711.503752708
1754 1737378711.513744115
1755 1737378711.523724555
1756 1737378711.533710002
1757 1737378711.543692350
1758 1737378711.553683280
1759 1737378711.563664674
1760 1737378711.573735952
1761 1737378711.583705425
1762 1737378711.593617439
1763 1737378711.603598594
1764 1737378711.613585948
1765 1737378711.623608112
1766 1737378711.633586406
1767 1737378711.643535614
1768 1737378711.653536796
1769 1737378711.663513660
1770 1737378711.673504352
1771 1737378711.683484315
1772 1737378711.693485260
1773 1737378711.703462123
1774 1737378711.713876485
1775 1737378711.723638296
1776 1737378711.733684062
1777 1737378711.743642091
1778 1737378711.753370523
1779 1737378711.763354778
1780 1737378711.773339986
1781 1737378711.783341646
1782 1737378711.793316364
1783 1737378711.803287744
1784 1737378711.813278436
1785 1737378711.823258161
1786 1737378711.833266973
1787 1737378711.843264818
1788 1737378711.853231191
1789 1737378711.863217592
1790 1737378711.873210191
1791 1737378711.883185148
1792 1737378711.893163681
1793 1737378711.903152227
1794 1737378711.913128852
1795 1737378711.923118591
1796 1737378711.933188199
1797 1737378711.943098783
1798 1737378711.953096628
1799 1737378711.963068008
1800 1737378711.973064899
1801 1737378711.983044624
1802 1737378711.993023633
1803 1737378712.003009080
1804 1737378712.012998819
1805 1737378712.022980451
1806 1737378712.032965421
1807 1737378712.042946100
1808 1737378712.052941560
1809 1737378712.062922477
1810 1737378712.072904109
1811 1737378712.082889556
1812 1737378712.092880725
1813 1737378712.102854728
1814 1737378712.112848758
1815 1737378712.122829914
1816 1737378712.132816314
1817 1737378712.142794132
1818 1737378712.152789592
1819 1737378712.162767648
1820 1737378712.172760248
1821 1737378712.182733535
1822 1737378712.192727327
1823 1737378712.202710628
1824 1737378712.212699174
1825 1737378712.222674608
1826 1737378712.232693910
1827 1737378712.242661952
1828 1737378712.252689599
1829 1737378712.262643098
1830 1737378712.272669553
1831 1737378712.282634019
1832 1737378712.292644023
1833 1737378712.302595376
1834 1737378712.312609195
1835 1737378712.322557210
1836 1737378712.332579612
1837 1737378712.342541217
1838 1737378712.352545738
1839 1737378712.362503767
1840 1737378712.372518301
1841 1737378712.382441043
1842 1737378712.392445325
1843 1737378712.402405977
1844 1737378712.412423133
1845 1737378712.422389984
1846 1737378712.432357788
1847 1737378712.442327022
1848 1737378712.452315330
1849 1737378712.462301254
1850 1737378712.472284078
1851 1737378712.482268571
1852 1737378712.492257595
1853 1737378712.502246856
1854 1737378712.512224912
1855 1737378712.522228002
1856 1737378712.532208681
1857 1737378712.542187452
1858 1737378712.552171945
1859 1737378712.562182426
1860 1737378712.572146892
1861 1737378712.582324028
1862 1737378712.592118740
1863 1737378712.602108955
1864 1737378712.612092494
1865 1737378712.622188091
1866 1737378712.632057666
1867 1737378712.642049551
1868 1737378712.652262926
1869 1737378712.662014722
1870 1737378712.672002792
1871 1737378712.681999206
1872 1737378712.691994667
1873 1737378712.701957464
1874 1737378712.711928367
1875 1737378712.721927165
1876 1737378712.731978654
1877 1737378712.741885423
1878 1737378712.751879215
1879 1737378712.761855125
1880 1737378712.771840095
1881 1737378712.781834840
1882 1737378712.791823148
1883 1737378712.801793098
1884 1737378712.811780452
1885 1737378712.821763515
1886 1737378712.831753253
1887 1737378712.841732263
1888 1737378712.851714372
1889 1737378712.861709356
1890 1737378712.871680974
1891 1737378712.881672382
1892 1737378712.891657590
1893 1737378712.901654243
1894 1737378712.911622285
1895 1737378712.921633481
1896 1737378712.931611061
1897 1737378712.941610574
1898 1737378712.951837778
1899 1737378712.961552858
1900 1737378712.971543312
1901 1737378712.981516599
1902 1737378712.991534709
1903 1737378713.001526832
1904 1737378713.011501073
1905 1737378713.021486043
1906 1737378713.031465291
1907 1737378713.041482210
1908 1737378713.051440477
1909 1737378713.061423063
1910 1737378713.071403503
1911 1737378713.081371307
1912 1737378713.091372489
1913 1737378713.101363420
1914 1737378713.111335277
1915 1737378713.121332406
1916 1737378713.131316900
1917 1737378713.141291379
1918 1737378713.151270151
1919 1737378713.161267757
1920 1737378713.171259164
1921 1737378713.181234598
1922 1737378713.191221952
1923 1737378713.201195955
1924 1737378713.211181879
1925 1737378713.221192359
1926 1737378713.231218338
1927 1737378713.241144180
1928 1737378713.251115083
1929 1737378713.261111736
1930 1737378713.271110296
1931 1737378713.281090497
1932 1737378713.291060924
1933 1737378713.301066160
1934 1737378713.311047792
1935 1737378713.321043729
1936 1737378713.330995798
1937 1737378713.341013193
1938 1737378713.350989580
1939 1737378713.360978841
1940 1737378713.370962142
1941 1737378713.380958318
1942 1737378713.390929698
1943 1737378713.400916814
1944 1737378713.410915136
1945 1737378713.420886993
1946 1737378713.430877447
1947 1737378713.440877676
1948 1737378713.450845956
1949 1737378713.460828781
1950 1737378713.470802068
1951 1737378713.480796575
1952 1737378713.490780353
1953 1737378713.500763654
1954 1737378713.510750293
1955 1737378713.520739316
1956 1737378713.530716180
1957 1737378713.540705204
1958 1737378713.550685167
1959 1737378713.560706853
1960 1737378713.570652246
1961 1737378713.580663204
1962 1737378713.590623378
1963 1737378713.600651741
1964 1737378713.610591411
1965 1737378713.620633602
1966 1737378713.630562305
1967 1737378713.640572309
1968 1737378713.650533199
1969 1737378713.660551309
1970 1737378713.670502662
1971 1737378713.680527687
1972 1737378713.690477609
1973 1737378713.700485944
1974 1737378713.710474491
1975 1737378713.720430612
1976 1737378713.730406045
1977 1737378713.740470409
1978 1737378713.750391244
1979 1737378713.760360002
1980 1737378713.770340681
1981 1737378713.780330181
1982 1737378713.790314674
1983 1737378713.800304889
1984 1737378713.810289144
1985 1737378713.820276975
1986 1737378713.830248594
1987 1737378713.840226888
1988 1737378713.850226640
1989 1737378713.860244274
1990 1737378713.870208740
1991 1737378713.880211114
1992 1737378713.890198945
1993 1737378713.900187969
1994 1737378713.910266876
1995 1737378713.920158863
1996 1737378713.930140018
1997 1737378713.940117359
1998 1737378713.950117588
1999 1737378713.960103988
2000 1737378713.970072984
2001 1737378713.980066061
2002 1737378713.990062475
2003 1737378714.000042676
2004 1737378714.010026931
2005 1737378714.020016670
2006 1737378714.029993772
2007 1737378714.039983034
2008 1737378714.049935579
2009 1737378714.059921741
2010 1737378714.069915533
2011 1737378714.079888343
2012 1737378714.089866161
2013 1737378714.099870204
2014 1737378714.109844207
2015 1737378714.119825839
2016 1737378714.129822492
2017 1737378714.139805793
2018 1737378714.149796962
2019 1737378714.159765481
2020 1737378714.169754266
2021 1737378714.179744720
2022 1737378714.189724922
2023 1737378714.199692964
2024 1737378714.209805965
2025 1737378714.219678878
2026 1737378714.229662895
2027 1737378714.239635467
2028 1737378714.249733686
2029 1737378714.259627819
2030 1737378714.269593954
2031 1737378714.279590368
2032 1737378714.289559125
2033 1737378714.299556255
2034 1737378714.309616804
2035 1737378714.319557428
2036 1737378714.329504728
2037 1737378714.339485883
2038 1737378714.349477529
2039 1737378714.359459638
2040 1737378714.369443416
2041 1737378714.379513502
2042 1737378714.389413595
2043 1737378714.399413347
2044 1737378714.409390449
2045 1737378714.419360399
2046 1737378714.429374694
2047 1737378714.439352750
2048 1737378714.449374675
2049 1737378714.459337234
2050 1737378714.469342947
2051 1737378714.479336738
2052 1737378714.489279508
2053 1737378714.499264717
2054 1737378714.509280681
2055 1737378714.519254207
2056 1737378714.529247045
2057 1737378714.539196491
2058 1737378714.549171924
2059 1737378714.559196233
2060 1737378714.569186210
2061 1737378714.579167604
2062 1737378714.589236974
2063 1737378714.599179506
2064 1737378714.609160900
2065 1737378714.619151830
2066 1737378714.629101514
2067 1737378714.639155387
2068 1737378714.649080753
2069 1737378714.659075498
2070 1737378714.669019937
2071 1737378714.679001092
2072 1737378714.688981533
2073 1737378714.698952913
2074 1737378714.708933115
2075 1737378714.718920707
2076 1737378714.728913545
2077 1737378714.738913059
2078 1737378714.748886346
2079 1737378714.758923292
2080 1737378714.768857002
2081 1737378714.778843402
2082 1737378714.788828372
2083 1737378714.798794984
2084 1737378714.808789491
2085 1737378714.818764686
2086 1737378714.828748941
2087 1737378714.838737487
2088 1737378714.848731040
2089 1737378714.858701705
2090 1737378714.868700504
2091 1737378714.878673315
2092 1737378714.888689994
2093 1737378714.898643255
2094 1737378714.908687591
2095 1737378714.918619871
2096 1737378714.928627490
2097 1737378714.938584566
2098 1737378714.948602437
2099 1737378714.958546161
2100 1737378714.968558549
2101 1737378714.978521823
2102 1737378714.988542556
2103 1737378714.998502969
2104 1737378715.008506059
2105 1737378715.018460988
2106 1737378715.028476476
2107 1737378715.038427591
2108 1737378715.048447132
2109 1737378715.058411836
2110 1737378715.068421363
2111 1737378715.078369855
2112 1737378715.088362932
2113 1737378715.098345994
2114 1737378715.108328104
2115 1737378715.118314504
2116 1737378715.128313302
2117 1737378715.138307571
2118 1737378715.148283720
2119 1737378715.158273220
2120 1737378715.168259620
2121 1737378715.178232431
2122 1737378715.188221216
2123 1737378715.198222637
2124 1737378715.208197832
2125 1737378715.218184947
2126 1737378715.228161573
2127 1737378715.238155841
2128 1737378715.248139381
2129 1737378715.258105039
2130 1737378715.268107414
2131 1737378715.278093576
2132 1737378715.288072347
2133 1737378715.298055410
2134 1737378715.308051347
2135 1737378715.318022251
2136 1737378715.328518390
2137 1737378715.338210821
2138 1737378715.349290609
2139 1737378715.358477354
2140 1737378715.368536233
2141 1737378715.378484487
2142 1737378715.388251543
2143 1737378715.398137569
2144 1737378715.408198595
2145 1737378715.417954921
2146 1737378715.427860498
2147 1737378715.437851190
2148 1737378715.447829484
2149 1737378715.457819938
2150 1737378715.467810153
2151 1737378715.477792024
2152 1737378715.487777471
2153 1737378715.497760295
2154 1737378715.507731676
2155 1737378715.517735481
2156 1737378715.527711391
2157 1737378715.537703275
2158 1737378715.547683954
2159 1737378715.557674169
2160 1737378715.567654848
2161 1737378715.577641963
2162 1737378715.587626457
2163 1737378715.597608089
2164 1737378715.607594728
2165 1737378715.617584466
2166 1737378715.627664089
2167 1737378715.637925624
2168 1737378715.647707700
2169 1737378715.657686233
2170 1737378715.667693853
2171 1737378715.677582740
2172 1737378715.687758445
2173 1737378715.697666406
2174 1737378715.707659244
2175 1737378715.717644691
2176 1737378715.727425098
2177 1737378715.737399101
2178 1737378715.747383117
2179 1737378715.757374286
2180 1737378715.767376661
2181 1737378715.777342557
2182 1737378715.787327766
2183 1737378715.797311544
2184 1737378715.807293653
2185 1737378715.817283391
2186 1737378715.827261686
2187 1737378715.837255954
2188 1737378715.847233772
2189 1737378715.857231616
2190 1737378715.867217063
2191 1737378715.877187252
2192 1737378715.887170553
2193 1737378715.897160053
2194 1737378715.907139301
2195 1737378715.917135953
2196 1737378715.927105188
2197 1737378715.937097311
2198 1737378715.947087049
2199 1737378715.957059621
2200 1737378715.967435121
2201 1737378715.977045059
2202 1737378715.987025976
2203 1737378715.997018575
2204 1737378716.007007837
2205 1737378716.016981840
2206 1737378716.026956796
2207 1737378716.036996364
2208 1737378716.046932220
2209 1737378716.056914806
2210 1737378716.066914319
2211 1737378716.076907157
2212 1737378716.086896419
2213 1737378716.096887111
2214 1737378716.106880664
2215 1737378716.116833686
2216 1737378716.126803874
2217 1737378716.136802673
2218 1737378716.146769523
2219 1737378716.156773567
2220 1737378716.166749954
2221 1737378716.176768302
2222 1737378716.186724185
2223 1737378716.196755170
2224 1737378716.206738233
2225 1737378716.216746568
2226 1737378716.226698398
2227 1737378716.236991643
2228 1737378716.246741056
2229 1737378716.256806373
2230 1737378716.267033338
2231 1737378716.276810169
2232 1737378716.286620616
2233 1737378716.296751260
2234 1737378716.306644201
2235 1737378716.317219257
2236 1737378716.326542139
2237 1737378716.336620092
2238 1737378716.346497774
2239 1737378716.356523275
2240 1737378716.366463184
2241 1737378716.376478672
2242 1737378716.386440515
2243 1737378716.396689176
2244 1737378716.406390666
2245 1737378716.416441917
2246 1737378716.426388025
2247 1737378716.436421871
2248 1737378716.446370840
2249 1737378716.456334829
2250 1737378716.466319561
2251 1737378716.476283073
2252 1737378716.486267089
2253 1737378716.496265411
2254 1737378716.506234884
2255 1737378716.516225814
2256 1737378716.526211023
2257 1737378716.536194801
2258 1737378716.546185731
2259 1737378716.556160211
2260 1737378716.566142320
2261 1737378716.576136350
2262 1737378716.586125135
2263 1737378716.596109151
2264 1737378716.606092214
2265 1737378716.616071462
2266 1737378716.626060962
2267 1737378716.636084556
2268 1737378716.646013975
2269 1737378716.656002521
2270 1737378716.665978670
2271 1737378716.675966262
2272 1737378716.685956716
2273 1737378716.695945262
2274 1737378716.705934286
2275 1737378716.715911149
2276 1737378716.725897073
2277 1737378716.735885620
2278 1737378716.745869874
2279 1737378716.755849838
2280 1737378716.765834331
2281 1737378716.775815010
2282 1737378716.785804986
2283 1737378716.795790433
2284 1737378716.805786371
2285 1737378716.815759181
2286 1737378716.825750350
2287 1737378716.835725069
2288 1737378716.845718383
2289 1737378716.855701208
2290 1737378716.865687131
2291 1737378716.875672101
2292 1737378716.885652065
2293 1737378716.895635604
2294 1737378716.905639171
2295 1737378716.915608167
2296 1737378716.925680875
2297 1737378716.935594558
2298 1737378716.945565938
2299 1737378716.955554723
2300 1737378716.965535640
2301 1737378716.975533962
2302 1737378716.985512971
2303 1737378716.995492458
2304 1737378717.005490779
2305 1737378717.015465974
2306 1737378717.025498867
2307 1737378717.035484075
2308 1737378717.045467615
2309 1737378717.055451869
2310 1737378717.065444707
2311 1737378717.075434446
2312 1737378717.085409164
2313 1737378717.095389604
2314 1737378717.105378627
2315 1737378717.115361928
2316 1737378717.125312566
2317 1737378717.135298967
2318 1737378717.145267963
2319 1737378717.155253410
2320 1737378717.165246009
2321 1737378717.175250768
2322 1737378717.185220956
2323 1737378717.195193290
2324 1737378717.205182313
2325 1737378717.215170383
2326 1737378717.225161790
2327 1737378717.235149621
2328 1737378717.245116710
2329 1737378717.255098581
2330 1737378717.265106439
2331 1737378717.275093555
2332 1737378717.285077333
2333 1737378717.295039892
2334 1737378717.305025100
2335 1737378717.315024375
2336 1737378717.325013875
2337 1737378717.334990262
2338 1737378717.344979763
2339 1737378717.354961633
2340 1737378717.364950895
2341 1737378717.374943256
2342 1737378717.384910345
2343 1737378717.394936084
2344 1737378717.404894351
2345 1737378717.414876937
2346 1737378717.424868583
2347 1737378717.434846162
2348 1737378717.444836378
2349 1737378717.454818010
2350 1737378717.464802503
2351 1737378717.474786996
2352 1737378717.484777688
2353 1737378717.494755268
2354 1737378717.504757165
2355 1737378717.514732360
2356 1737378717.524717807
2357 1737378717.534693956
2358 1737378717.544689178
2359 1737378717.554669380
2360 1737378717.564690351
2361 1737378717.574630737
2362 1737378717.584647893
2363 1737378717.594607591
2364 1737378717.604621410
2365 1737378717.614575147
2366 1737378717.624597311
2367 1737378717.635517120
2368 1737378717.644566297
2369 1737378717.654508829
2370 1737378717.664528369
2371 1737378717.674490928
2372 1737378717.684499502
2373 1737378717.694453477
2374 1737378717.704472303
2375 1737378717.714423656
2376 1737378717.724450588
2377 1737378717.734385967
2378 1737378717.744363546
2379 1737378717.754368543
2380 1737378717.764347791
2381 1737378717.774338483
2382 1737378717.784311056
2383 1737378717.794285774
2384 1737378717.804287433
2385 1737378717.814278841
2386 1737378717.824258089
2387 1737378717.834232568
2388 1737378717.844224691
2389 1737378717.854208230
2390 1737378717.864184856
2391 1737378717.874178409
2392 1737378717.884165525
2393 1737378717.894158363
2394 1737378717.904134511
2395 1737378717.914107561
2396 1737378717.924091577
2397 1737378717.934090614
2398 1737378717.944075345
2399 1737378717.954062223
2400 1737378717.964031457
2401 1737378717.974028110
2402 1737378717.984030246
2403 1737378717.994008779
2404 1737378718.003989934
2405 1737378718.013971567
2406 1737378718.023933649
2407 1737378718.033947944
2408 1737378718.043921709
2409 1737378718.053918123
2410 1737378718.063888311
2411 1737378718.074161767
2412 1737378718.083876848
2413 1737378718.093854904
2414 1737378718.103837251
2415 1737378718.113835811
2416 1737378718.123801231
2417 1737378718.133788824
2418 1737378718.143762826
2419 1737378718.153760910
2420 1737378718.163727760
2421 1737378718.173734188
2422 1737378718.183720111
2423 1737378718.193716287
2424 1737378718.203689813
2425 1737378718.213708639
2426 1737378718.223655462
2427 1737378718.233644008
2428 1737378718.243632555
2429 1737378718.253618001
2430 1737378718.263596057
2431 1737378718.273573160
2432 1737378718.283560752
2433 1737378718.293550014
2434 1737378718.303556919
2435 1737378718.313529253
2436 1737378718.323502302
2437 1737378718.333498716
2438 1737378718.343479633
2439 1737378718.353468894
2440 1737378718.363448143
2441 1737378718.373418569
2442 1737378718.383419990
2443 1737378718.393402576
2444 1737378718.403387069
2445 1737378718.413374900
2446 1737378718.423357486
2447 1737378718.433335065
2448 1737378718.443366765
2449 1737378718.453351974
2450 1737378718.463331937
2451 1737378718.473330259
2452 1737378718.483303308
2453 1737378718.493301868
2454 1737378718.503239870
2455 1737378718.513222932
2456 1737378718.523209810
2457 1737378718.533191680
2458 1737378718.543169021
2459 1737378718.553155660
2460 1737378718.563136577
2461 1737378718.573121070
2462 1737378718.583119869
2463 1737378718.593093633
2464 1737378718.603081464
2465 1737378718.613074064
2466 1737378718.623042106
2467 1737378718.633047819
2468 1737378718.643012762
2469 1737378718.652993202
2470 1737378718.662995815
2471 1737378718.672981023
2472 1737378718.682959794
2473 1737378718.692959070
2474 1737378718.702921628
2475 1737378718.712922573
2476 1737378718.722910881
2477 1737378718.732893705
2478 1737378718.742869138
2479 1737378718.752836704
2480 1737378718.762813091
2481 1737378718.772832393
2482 1737378718.782813549
2483 1737378718.792794227
2484 1737378718.802793979
2485 1737378718.812763452
2486 1737378718.822744131
2487 1737378718.832731962
2488 1737378718.842722892
2489 1737378718.852721691
2490 1737378718.862685680
2491 1737378718.872667789
2492 1737378718.882658481
2493 1737378718.892676591
2494 1737378718.902635097
2495 1737378718.912644386
2496 1737378718.922588586
2497 1737378718.932651996
2498 1737378718.942612648
2499 1737378718.952620983
2500 1737378718.962580442
2501 1737378718.972588300
2502 1737378718.982579708
2503 1737378718.992575168
2504 1737378719.002515792
2505 1737378719.012530088
2506 1737378719.022492647
2507 1737378719.032497406
2508 1737378719.042464256
2509 1737378719.052476882
2510 1737378719.062427997
2511 1737378719.072445869
2512 1737378719.082406997
2513 1737378719.092343330
2514 1737378719.102339506
2515 1737378719.112314462
2516 1737378719.122299671
2517 1737378719.132296085
2518 1737378719.142271757
2519 1737378719.152258634
2520 1737378719.162244558
2521 1737378719.172235488
2522 1737378719.182239055
2523 1737378719.192228794
2524 1737378719.202212810
2525 1737378719.212216615
2526 1737378719.222196578
2527 1737378719.232179641
2528 1737378719.242179155
2529 1737378719.252146005
2530 1737378719.262143373
2531 1737378719.272130727
2532 1737378719.282104492
2533 1737378719.292095661
2534 1737378719.302079200
2535 1737378719.312073230
2536 1737378719.322053909
2537 1737378719.332031965
2538 1737378719.342015504
2539 1737378719.352003574
2540 1737378719.361995220
2541 1737378719.371978044
2542 1737378719.381984710
2543 1737378719.391899347
2544 1737378719.401890516
2545 1737378719.411874055
2546 1737378719.421858549
2547 1737378719.431846380
2548 1737378719.441823959
2549 1737378719.451800346
2550 1737378719.461785793
2551 1737378719.471767663
2552 1737378719.481754779
2553 1737378719.491806268
2554 1737378719.501726865
2555 1737378719.511712789
2556 1737378719.521694421
2557 1737378719.531676054
2558 1737378719.541666984
2559 1737378719.551659345
2560 1737378719.561646223
2561 1737378719.571635723
2562 1737378719.581615209
2563 1737378719.591602802
2564 1737378719.601594924
2565 1737378719.611570358
2566 1737378719.621566057
2567 1737378719.631539344
2568 1737378719.641531229
2569 1737378719.651509284
2570 1737378719.661501169
2571 1737378719.671468019
2572 1737378719.681465864
2573 1737378719.691449165
2574 1737378719.701455831
2575 1737378719.711437225
2576 1737378719.721414804
2577 1737378719.731401205
2578 1737378719.741383790
2579 1737378719.751356601
2580 1737378719.761384725
2581 1737378719.771317720
2582 1737378719.781306266
2583 1737378719.791296005
2584 1737378719.801286697
2585 1737378719.811271429
2586 1737378719.821273565
2587 1737378719.831236362
2588 1737378719.841229677
2589 1737378719.851207256
2590 1737378719.861196279
2591 1737378719.871180534
2592 1737378719.881432294
2593 1737378719.891151666
2594 1737378719.901135683
2595 1737378719.911120653
2596 1737378719.921120882
2597 1737378719.931077003
2598 1737378719.941071271
2599 1737378719.951060056
2600 1737378719.961152791
2601 1737378719.971110105
2602 1737378719.981007337
2603 1737378719.990988016
2604 1737378720.000987291
2605 1737378720.010971069
2606 1737378720.020954847
2607 1737378720.030939340
2608 1737378720.040927886
2609 1737378720.050903558
2610 1737378720.060881853
2611 1737378720.070858478
2612 1737378720.080854415
2613 1737378720.090848684
2614 1737378720.100813865
2615 1737378720.110812425
2616 1737378720.120809078
2617 1737378720.130774974
2618 1737378720.140791654
2619 1737378720.150763511
2620 1737378720.160774946
2621 1737378720.170734167
2622 1737378720.180717706
2623 1737378720.190700531
2624 1737378720.200700521
2625 1737378720.210666418
2626 1737378720.220682144
2627 1737378720.230646610
2628 1737378720.240653514
2629 1737378720.250615119
2630 1737378720.260632991
2631 1737378720.270581722
2632 1737378720.280602693
2633 1737378720.290550231
2634 1737378720.300564765
2635 1737378720.310523748
2636 1737378720.320596694
2637 1737378720.330559253
2638 1737378720.340519428
2639 1737378720.350458621
2640 1737378720.360478639
2641 1737378720.370461463
2642 1737378720.380447149
2643 1737378720.390404462
2644 1737378720.400418758
2645 1737378720.410372495
2646 1737378720.420359373
2647 1737378720.430328607
2648 1737378720.440330028
2649 1737378720.450318336
2650 1737378720.460301876
2651 1737378720.470283508
2652 1737378720.480265617
2653 1737378720.490254640
2654 1737378720.500237941
2655 1737378720.510222673
2656 1737378720.520212888
2657 1737378720.530194759
2658 1737378720.540172815
2659 1737378720.550156831
2660 1737378720.560153961
2661 1737378720.570129156
2662 1737378720.580128908
2663 1737378720.590107679
2664 1737378720.600083827
2665 1737378720.610142707
2666 1737378720.620055913
2667 1737378720.630039453
2668 1737378720.640023231
2669 1737378720.650000095
2670 1737378720.659979104
2671 1737378720.669984102
2672 1737378720.679963588
2673 1737378720.689960241
2674 1737378720.699945688
2675 1737378720.709929943
2676 1737378720.719911575
2677 1737378720.730032444
2678 1737378720.739982128
2679 1737378720.749979972
2680 1737378720.760436296
2681 1737378720.769927740
2682 1737378720.779981851
2683 1737378720.789906978
2684 1737378720.799899816
2685 1737378720.809986352
2686 1737378720.819868326
2687 1737378720.829740285
2688 1737378720.839705705
2689 1737378720.849691390
2690 1737378720.859689950
2691 1737378720.869654178
2692 1737378720.879665136
2693 1737378720.889648914
2694 1737378720.899629592
2695 1737378720.909618139
2696 1737378720.919584512
2697 1737378720.929587364
2698 1737378720.939571142
2699 1737378720.949558258
2700 1737378720.959524631
2701 1737378720.969519138
2702 1737378720.979510307
2703 1737378720.989717245
2704 1737378720.999790430
2705 1737378721.009724378
2706 1737378721.020106315
2707 1737378721.029687404
2708 1737378721.039774179
2709 1737378721.049417018
2710 1737378721.059376716
2711 1737378721.069367885
2712 1737378721.079354286
2713 1737378721.089330673
2714 1737378721.099311828
2715 1737378721.109315872
2716 1737378721.119298934
2717 1737378721.129287958
2718 1737378721.139337062
2719 1737378721.149343490
2720 1737378721.159331560
2721 1737378721.169317960
2722 1737378721.179287910
2723 1737378721.189276456
2724 1737378721.199244976
2725 1737378721.209239006
2726 1737378721.219216585
2727 1737378721.229194641
2728 1737378721.239160776
2729 1737378721.249146699
2730 1737378721.259128332
2731 1737378721.269121646
2732 1737378721.279105186
2733 1737378721.289105415
2734 1737378721.299038410
2735 1737378721.309008121
2736 1737378721.318996191
2737 1737378721.328992605
2738 1737378721.338984489
2739 1737378721.348946332
2740 1737378721.358935356
2741 1737378721.368916749
2742 1737378721.378923416
2743 1737378721.388898134
2744 1737378721.398888111
2745 1737378721.408882379
2746 1737378721.418862581
2747 1737378721.428845167
2748 1737378721.438816785
2749 1737378721.448803186
2750 1737378721.458815336
2751 1737378721.468772888
2752 1737378721.478747129
2753 1737378721.488762617
2754 1737378721.498729467
2755 1737378721.508721828
2756 1737378721.518704414
2757 1737378721.528682470
2758 1737378721.538665771
2759 1737378721.548686027
2760 1737378721.558654546
2761 1737378721.568650960
2762 1737378721.578610658
2763 1737378721.588634967
2764 1737378721.598587036
2765 1737378721.608586311
2766 1737378721.618537664
2767 1737378721.628567457
2768 1737378721.638529062
2769 1737378721.648542881
2770 1737378721.658504009
2771 1737378721.668509244
2772 1737378721.678467035
2773 1737378721.688536167
2774 1737378721.698421955
2775 1737378721.708450794
2776 1737378721.718394994
2777 1737378721.728374004
2778 1737378721.738368272
2779 1737378721.748350620
2780 1737378721.758334875
2781 1737378721.768328428
2782 1737378721.778299331
2783 1737378721.788292646
2784 1737378721.798281192
2785 1737378721.808267831
2786 1737378721.818257093
2787 1737378721.828234672
2788 1737378721.838234901
2789 1737378721.848229646
2790 1737378721.858228445
2791 1737378721.868195533
2792 1737378721.878174066
2793 1737378721.888174057
2794 1737378721.898165941
2795 1737378721.908133745
2796 1737378721.918122053
2797 1737378721.928120851
2798 1737378721.938091516
2799 1737378721.948071241
2800 1737378721.958083152
2801 1737378721.968046188
2802 1737378721.978028535
2803 1737378721.987993717
2804 1737378721.997963666
2805 1737378722.007962703
2806 1737378722.017953634
2807 1737378722.027953386
2808 1737378722.037909269
2809 1737378722.047909975
2810 1737378722.057876110
2811 1737378722.067874670
2812 1737378722.077866315
2813 1737378722.087832212
2814 1737378722.097842216
2815 1737378722.107801437
2816 1737378722.117792606
2817 1737378722.127796888
2818 1737378722.137761592
2819 1737378722.147756814
2820 1737378722.157733917
2821 1737378722.167716264
2822 1737378722.177717208
2823 1737378722.187680244
2824 1737378722.197672843
2825 1737378722.207673072
2826 1737378722.218976497
2827 1737378722.227867603
2828 1737378722.237639188
2829 1737378722.247694730
2830 1737378722.257603168
2831 1737378722.267585515
2832 1737378722.277568578
2833 1737378722.287553787
2834 1737378722.297534465
2835 1737378722.307516574
2836 1737378722.317513942
2837 1737378722.327549219
2838 1737378722.337478876
2839 1737378722.347457647
2840 1737378722.357441425
2841 1737378722.367438554
2842 1737378722.377416372
2843 1737378722.387401580
2844 1737378722.397393941
2845 1737378722.407371520
2846 1737378722.417356491
2847 1737378722.427340984
2848 1737378722.437327623
2849 1737378722.447305679
2850 1737378722.457289695
2851 1737378722.467266082
2852 1737378722.477253198
2853 1737378722.487238407
2854 1737378722.497214794
2855 1737378722.507219552
2856 1737378722.517199277
2857 1737378722.527183532
2858 1737378722.537182092
2859 1737378722.547157526
2860 1737378722.557145833
2861 1737378722.567131042
2862 1737378722.577111721
2863 1737378722.587095499
2864 1737378722.597072601
2865 1737378722.607061147
2866 1737378722.617060661
2867 1737378722.627032518
2868 1737378722.637037038
2869 1737378722.647015094
2870 1737378722.656993865
2871 1737378722.666980028
2872 1737378722.676959276
2873 1737378722.686937332
2874 1737378722.696934700
2875 1737378722.706910133
2876 1737378722.716894865
2877 1737378722.726884841
2878 1737378722.736864328
2879 1737378722.746845006
2880 1737378722.757284641
2881 1737378722.768014669
2882 1737378722.777452945
2883 1737378722.792841434
2884 1737378722.798776865
2885 1737378722.806926965
2886 1737378722.816802263
2887 1737378722.826773405
2888 1737378722.836832284
2889 1737378722.846787691
2890 1737378722.856812238
2891 1737378722.866884946
2892 1737378722.876816987
2893 1737378722.886753559
2894 1737378722.896753311
2895 1737378722.906685590
2896 1737378722.916726589
2897 1737378722.926620960
2898 1737378722.936685085
2899 1737378722.946592807
2900 1737378722.956615447
2901 1737378722.966550111
2902 1737378722.976619720
2903 1737378722.986550331
2904 1737378722.996618747
2905 1737378723.006575345
2906 1737378723.016560554
2907 1737378723.026537895
2908 1737378723.036547422
2909 1737378723.046542406
2910 1737378723.056481122
2911 1737378723.066387176
2912 1737378723.076378345
2913 1737378723.086365222
2914 1737378723.096351385
2915 1737378723.106369495
2916 1737378723.116358757
2917 1737378723.126344203
2918 1737378723.136271715
2919 1737378723.146265506
2920 1737378723.156242609
2921 1737378723.166216611
2922 1737378723.176211595
2923 1737378723.186187028
2924 1737378723.196180105
2925 1737378723.206157922
2926 1737378723.216146707
2927 1737378723.226140499
2928 1737378723.236121177
2929 1737378723.246119260
2930 1737378723.256096601
2931 1737378723.266077518
2932 1737378723.276068925
2933 1737378723.286051273
2934 1737378723.296041727
2935 1737378723.306020259
2936 1737378723.316041946
2937 1737378723.325997114
2938 1737378723.336015462
2939 1737378723.345943689
2940 1737378723.355971574
2941 1737378723.365919113
2942 1737378723.375918149
2943 1737378723.385900497
2944 1737378723.395890951
2945 1737378723.405874729
2946 1737378723.415863275
2947 1737378723.425849914
2948 1737378723.435842752
2949 1737378723.445875167
2950 1737378723.455918788
2951 1737378723.465800285
2952 1737378723.475788354
2953 1737378723.485766887
2954 1737378723.495774269
2955 1737378723.505738735
2956 1737378723.515732049
2957 1737378723.525715351
2958 1737378723.535725355
2959 1737378723.545703411
2960 1737378723.555790424
2961 1737378723.565768480
2962 1737378723.575936079
2963 1737378723.585891485
2964 1737378723.595854997
2965 1737378723.605970382
2966 1737378723.616155862
2967 1737378723.625937461
2968 1737378723.635822772
2969 1737378723.645937442
2970 1737378723.655880212
2971 1737378723.665509700
2972 1737378723.675482034
2973 1737378723.685583591
2974 1737378723.695501565
2975 1737378723.705550670
2976 1737378723.715403556
2977 1737378723.725672721
2978 1737378723.735374450
2979 1737378723.745370864
2980 1737378723.755342960
2981 1737378723.765343904
2982 1737378723.775317430
2983 1737378723.785299777
2984 1737378723.795292377
2985 1737378723.805271625
2986 1737378723.815253496
2987 1737378723.825241327
2988 1737378723.835219621
2989 1737378723.845206499
2990 1737378723.855197906
2991 1737378723.865191936
2992 1737378723.875158786
2993 1737378723.885160207
2994 1737378723.895133495
2995 1737378723.905131816
2996 1737378723.915096759
2997 1737378723.925103425
2998 1737378723.935073852
2999 1737378723.945059299
